#C 30 175 30 0 80 70 13369343 1 1 0 0 0 0
6720065
6123850
12911886
14715588
15984070
14234900
5077740
10667723
13204312
1503263
3141142
1819210
11325252
9005033
6171126
4728413
10460949
5603373
14520634
8622177
7302551
5240551
11258317
11529713
15355606
3498068
13019356
858345
8713246
1598190
4415185
6075237
8255484
4338547
10543962
3032002
13265467
86239
12689763
7311515
5741544
2261100
3695382
10304716
7220045
1051032
13925857
3122033
4345848
13840926
10042991
2094055
16606900
7600634
9213100
10587593
13417869
7542632
589764
7052531
12689360
5911269
8305188
3077505
9347592
10380076
13641079
1322960
7220737
5302585
11892393
6161531
12472007
5909577
13869542
9168990
1948839
3864023
7505563
10021013
1452331
9432479
16669555
3327613
10472225
13850013
12606042
349105
666261
1639949
8039549
7736845
1453265
12626284
13866566
7076781
5070947
5912693
12313443
16762606
14846230
3716644
3969727
3152490
10972150
7285686
5751431
16137472
14932816
3400869
15260709
5696969
1704623
15067823
11534407
4948003
258783
3195344
16036568
10434472
5664236
681026
7063301
1893431
1372963
8879747
5016377
11058665
8588046
12708686
12662047
2261275
16700283
5074847
2002342
2869866
5294966
16168627
9362679
3060401
3989321
13143556
1840768
4238093
6337666
9658704
4539628
12425432
11220460
7534227
9123367
12005808
16342931
944647
10512221
9738096
10767044
9333290
2633979
8270901
817674
8762295
3224236
7460441
7234865
4705706
14090076
1772666
9192773
6948159
11995447
13353331
16326803
6990323
2411946
3217505
1119909
12224897
4800864
10520734
15395913
10791909
10058821
1653192
13555595
13651804
5285254
5611450
16681909
5842017
14229389
9000593
14320981
12175792
5305352
10960551
11572790
297029
9797602
4970650
12562788
2510684
8544072
11002181
3995436
3141746
5216677
470469
6684953
14785346
3870116
13617012
15494647
16030152
15277364
1394672
4632018
14634049
2660734
1864980
11668983
1008936
388848
7019773
15860977
14050617
5869877
4207109
1621644
8673136
4040505
9447114
15001556
7130377
1505064
14780967
8436501
13769089
1905263
10871608
11422684
15912595
9290169
15387994
11342580
11892795
16232690
8344616
6601322
11442358
4741958
15306622
10561928
8184958
8992546
13139832
7065820
12041809
7873073
8267891
13514289
15463211
6753631
4058890
9027731
6469190
977113
14365721
9487439
11459872
4313097
16003260
5033712
3955572
11040157
5575248
16659266
6160190
16174976
11490928
12637521
9792699
4457183
91896
145001
1137253
7442468
4879876
7651607
10358010
13483773
6724081
13391142
8655734
6113878
3090778
13636515
1131283
7883865
3888923
9267928
13103951
10906228
14487120
12083795
7371237
15090002
3542614
8726239
8971985
13373663
8472264
8836744
13566031
2336839
15496066
6261915
14712540
102903
10352800
5090723
2984243
7307162
12779135
14840684
12152912
2094620
12701114
7190786
6663024
13973929
15493933
15402674
12784654
6781358
5207028
8117766
10838502
9845974
7944556
12273100
16049908
1117453
5578032
7771664
8031092
6513536
7810332
9929756
10619363
11523225
7601996
4943486
7236348
6716422
2149917
11790593
1884603
6465714
14144553
11307185
3221341
1820874
1894479
7466971
15333212
13997496
4086184
3545610
5589878
16482346
13503378
15591434
8697767
1268747
971175
14937063
10176041
15944840
11668422
14447854
11645818
2551820
8487432
14080937
13429333
11521090
13729994
12062182
6471606
9239065
14103721
6970033
2682586
11932090
4146816
4095572
2774331
7689875
10532716
10088029
6188695
5055311
11009223
4089239
4133098
13931994
1465391
11972622
1599598
3636064
15828863
11843343
996257
4553806
8354004
7130405
1654590
3967055
15371912
3815964
6562369
12223055
11134777
1640192
15088102
8531066
654786
12651038
1435050
16733245
7439680
7222016
197448
11943491
4097293
10622580
5155516
676472
5747911
6994566
12397123
526345
13506633
16425600
6177368
1970528
2808752
10361584
8888759
15845419
4550486
5883297
1941852
12245333
12444633
12477855
15089795
13775115
7833108
12446519
14835881
6301368
11516708
9289716
15286665
5630215
9247843
14832290
146719
1976807
4379503
1041229
3720104
11602561
2373155
14454594
15112095
16205635
4498076
1023244
11553216
11051992
8362804
657527
11531527
1152812
336521
16010895
9058992
7092075
12998518
5077408
6913592
12084738
6181143
15166775
1794394
4144028
5454537
10252831
13402130
2995237
13348903
4850277
1993885
15899337
1333517
14472531
9694069
4961781
9553303
8006519
9400152
3027796
16419362
1202844
6280514
16143314
16096073
15243726
1532013
9066396
7924200
14421338
#X -1 1934299005 0 0 1 1 0 -2.00000000000000E+0000  1.33000000000000E+0000  7.00000000000000E-0001 -1.33000000000000E+0000
