#C 30 175 30 0 80 70 0 1 0 0 0 0 0
15272431
3928631
2336321
3444645
780447
1615764
4373700
6584997
8627149
4244585
15619483
2646601
5145397
8953697
6083107
10722655
4090067
7311976
13149175
7263219
5557475
14411435
13363443
13765455
1374690
10879124
13125427
3928577
559243
2018257
3606804
4352980
15866842
16607053
16611632
12082644
6970636
6295861
2195046
10795598
14890907
13390579
8026063
2542797
5068101
5926197
3823817
9684509
14408198
7865318
7013614
5867594
10641432
15600179
12315677
7516833
603129
1437319
3925615
7859628
5492836
6948493
14372929
10123065
11901525
14498612
13788720
1306196
11590921
10876069
4710679
14114631
12322298
6833742
13881875
